C:\Users\mgpoirot\SLEEEP\20180724_160622_seg_aseg.nii.gz
[0, 2, 3, 4, 5, 7, 8, 10, 11, 12, 13, 14, 15, 16, 17, 18,
 24, 26, 28, 30, 31, 41, 42, 43, 44, 46, 47, 49, 50, 51,
 52, 53, 54, 58, 60, 62, 63, 77, 85, 251, 252, 253, 254, 255]

C:\Users\mgpoirot\SLEEEP\20180724_160622_seg_fast.nii.gz
[0, 2, 4, 5, 7, 8, 10, 11, 12, 13, 14, 15, 16, 17, 18, 24,
 26, 28, 31, 41, 43, 44, 46, 47, 49, 50, 51, 52, 53, 54,
 58, 60, 63, 77, 1002, 1003, 1005, 1006, 1007, 1008, 1009,
 1010, 1011, 1012, 1013, 1014, 1015, 1016, 1017, 1018, 
1019, 1020, 1021, 1022, 1023, 1024, 1025, 1026, 1027, 1028,
 1029, 1030, 1031, 1034, 1035, 2002, 2003, 2005, 2006, 
2007, 2008, 2009, 2010, 2011, 2012, 2013, 2014, 2015, 2016,
 2017, 2018, 2019, 2020, 2021, 2022, 2023, 2024, 2025, 
2026, 2027, 2028, 2029, 2030, 2031, 2034, 2035]

C:\Users\mgpoirot\SLEEEP\20180724_160622_seg_samseg.nii.gz
[0, 2, 3, 4, 5, 7, 8, 10, 11, 12, 13, 14, 15, 16, 17, 18, 
24, 26, 28, 30, 31, 41, 42, 43, 44, 46, 47, 49, 50, 51, 52,
 53, 54, 58, 60, 62, 63, 72, 77, 80, 85, 165, 258, 259]

C:\Users\mgpoirot\SLEEEP\20180724_160622_seg_vuno.nii.gz
[0, 1, 2, 3, 4, 5, 6, 7, 8, 9, 10, 11, 12, 13, 14, 15, 16,
 17, 18, 19, 20, 21, 22, 23, 24, 25, 26, 27, 28, 29, 30, 
33, 34, 35, 36, 37, 38, 39, 40, 41, 42, 43, 44, 45, 46, 
47, 48, 49, 50, 51, 52, 53, 54, 55, 56, 57, 58, 59, 60, 
61, 62, 63, 64, 65, 66, 67, 68, 69, 70, 71, 72, 73, 74, 
75, 76, 77, 78, 79, 80, 81, 82, 83, 84, 85, 86, 87, 88, 
89, 90, 91, 92, 93, 94, 95, 96, 97, 98, 99, 100, 101, 
102, 103, 104]